594037
436520
1066744
952021
540969
917696
881091
729674
511160
745374
461340
506807
374844
444522
893264
256787
206488
770043
922315
743343
488951
328828
1097111
942936
1012966
22687
1011690
670597
651031
437194
11000
318341
486356
325755
223954
741361
645543
54275
393065
1087285
806626
534725
322021
546286
369640
929961
772290
509874
663253
220066
878280
509
637932
568224
41650
1067091
166346
880931
925531
889483
321024
250877
4861
160055
223633
174378
315097
32035
168928
326858
2414
94625
179859
167980
11354
123501
116772
52216
75761
14097
1871
200302
279532
154053
266253
272730
134118
18625
239107
122126
251519
298899
63030
5094
277707
306146
181524
114271
54087
50395
314031
168988
3139
77529
141244
334331
3565
274492
16753
36715
17154
83520
221842
28841
215458
68391
67497
174313
315963
87622
779795
1065420
422100
1369502
1006952
1105309
837124
519311
311287
1228059
1212629
1056033
794831
743448
1007851
216244
828228
743271
736282
387934
727796
745265
165409
1218701
781472
559246
359063
1375076
140290
160413
1436884
1317354
318995
829264
54643
946698
1116937
1062596
4811
1366622
490258
1045772
1016096
1076171
894459
327943
1148241
1097192
743909
992054
1249438
1064844
502006
3347935
365303
139337
415939
181356
1090514
710363
551519
551520
251308
50928
323319
551518
50933
50927
50926
50924
50740
50737
50743
50727
50925
50738
323318
323315
50741
50929
323317
323314
632803
466578
385769
545076
241998
440333
452357
440998
633206
18393
470526
65777
84759
443170
422704
420084
620294
562493
329324
13019
395685
16855
541280
592095
568416
403619
202756
625196
547733
635744
12836
64116
388140
16280
87490
595834
440184
5994524
6002545
6002546
6002547
5973401
6300496
5973428
5975282
5976022
6307899
6383970
5979313
5973130
5973167
4776474
312126
599426
743395
2502409
316107
819804
2710085
845906
198804
44269
743109
2738040
492329
1062816
1209715
933640
745166
6490758
1372516
6315106
757608
1158886
4824673
4779640
745153
1099292
6011934
743742
5586986
6429230
700872
577891
58804
6573415
339409
434356
5202667
424652
214458
1295424
886695
799476
573468
5413978
165580
60513
82848
186536
162365
51341
64122
395635
63941
101182
4421
159682
13051
349980
170578
329170
317499
183605
217294
388571
163715
44213
314050
121541
219570
193562
309633
59900
406226
89524
406417
47599
280808
347853
109399
240349
237948
346335
315798
203322
234812
70222
351788
70939
234291
344478
283132
154186
350534
322275
219042
197381
190831
108780
29843
161453
1125
219404
43058
40366
334236
219265
357570
495508
217073
339437
327939
173216
172093
43808
427477
317457
400311
457477
357758
516447
457528
228419
441746
520982
512528
203308
551401
135798
391082
326575
314713
167560
162456
321592
230951
12036
552932
78443
456516
340927
425308
497332
101416
310470
494538
334333
500740
532609
42962
108835
497740
75425
393162
319356
118878
280633
530
271599
550016
119979
59449
169857
70123
55810
58649
176845
183737
88679
12539
73738
6525
73509
162542
106951
89638
132840
100300
116111
15276
92548
169859
77728
142000
9061
45492
12858
55462
173365
106022
36639
11232
179578
6542
160678
181500
84060
44546
58199
162612
83561
73902
6383
95929
105287
4535
162610
44217
10786
93195
93281
22665
94170
60796
47523
50987
105898
1385427
5713253
3752061
6465442
6827557
392816
6921732
10040
744710
311928
7002731
7651993
7641313
6719190
6929494
987658
1320022
5810948
3500738
306828
943977
1161959
2858302
2858303
4605213
1073231
1162386
227074
320206
97126
1330448
6979276
6763
6362825
5652343
6468354
4776270
369130
7374365
4476064
475971
773533
7630989
557026
7243205
7026388
7283225
787834
782463
4359565
4254228
233521
7564315
1147648
529032
325083
2963555
24834
428771
524062
439105
437685
72097
391827
149315
495514
402962
487450
408770
58765
224812
220402
111713
488877
388465
65844
182805
440599
384955
318129
71301
314052
478376
91071
176543
176403
339287
74250
315157
277560
385270
461152
203895
367170
435194
473238
385122
460405
68063
452901
251244
249150
484334
66948
57604
406233
319741
69116
399753
443348
13240
502141
53852
214877
233731
5571
12310
176533
48988
5009
200755
81982
235448
225875
169168
47220
214996
311641
11227
54075
41496
219968
110548
180138
225910
52036
308988
54696
229370
325435
292733
44076
317810
79242
4879
305415
48918
203391
58107
220542
4743
171347
251408
322939
109826
163713
107149
148458
14784
51063
12276
4255
93582
58692
10
164354
16898
216250
485335
4270161
1008995
83492
199308
197340
793660
1164310
835175
475962
1365426
5609388
569792
4894454
1065482
326035
775111
479872
1152092
1047339
851643
1365693
3057014
1060653
1374622
4795548
918755
1219036
2176256
560921
3057693
4458372
5494429
4619724
370648
234883
69352
67005
4789873
823880
710796
5582645
4304504
441805
891673
5233688
5005133
905505
889622
1390162
743530
902342
233104
1563767
2803202
475827
784025
558164
568948
890789
652198
633023
800975
490664
767003
809425
399669
541310
704723
743297
423669
688053
51278
870855
633511
364993
593083
779872
203486
9844
6164
745222
414092
516435
431281
879599
1001648
962017
658703
501980
249596
453575
875236
634718
743080
799691
586498
996011
122174
368589
7201
797983
75447
714775
219378
521044
658271
218954
730402
152699
787719
960044