436520
729674
952021
511160
745374
1011690
1097111
444522
461340
506807
1066744
374844
22687
670597
256787
942936
770043
743343
594037
206488
488951
540969
1012966
1108238
917696
65101
881091
893264
437194
651031
1131101
318341
922315
486356
328828
325755
223954
741361
645543
54275
407826
393065
1087285
1110953
806626
534725
322021
546286
369640
929961
772290
509874
663253
1126546
1139547
878280
509
1067091
925531
889483
32035
321024
63030
250877
4861
160055
239107
168928
298899
11354
123501
116772
52216
75761
251519
167980
200302
2414
14097
279532
306146
174378
134118
94625
181524
315097
154053
122126
266253
326858
277707
272730
335636
114271
179859
336242
184783
1871
54087
50395
314031
223633
168988
77529
334331
3565
274492
16753
36715
17154
83520
221842
28841
215458
68391
67497
174313
315963
229184
87622
743271
422100
736282
743448
519311
745265
727796
829264
779795
165409
1317354
1116937
1218701
837124
311287
559246
781472
828228
359063
140290
160413
1436884
1228059
318995
1369502
1212629
1105309
1006952
794831
216244
1007851
1375076
1040086
387934
1062596
1056033
4811
54643
946698
1065420
1366622
3474445
490258
1045772
1016096
1076171
894459
327943
1148241
1097192
743909
992054
1249438
502006
3347935
4009261
365303
3584994
139337
415939
551519
551520
50741
50927
251308
50928
50926
50727
323319
50740
50933
50924
323315
323318
50925
50738
440333
452357
50929
50743
50737
551518
323317
323314
443170
13019
18393
420084
395685
632803
241998
65777
633206
652835
466578
385769
545076
440998
422704
470526
84759
562493
620294
541280
716643
718842
592095
568416
403619
202756
625196
547733
635744
440184
12836
707943
64116
388140
16280
1158886
6383970
6002545
5973130
5973167
5973401
5973428
5976022
5979313
5994524
6002546
6002547
6300496
6307899
6636980
6640311
2502409
4776474
5975282
819804
6490758
44269
4824673
743109
2738040
6315106
316107
1209715
743395
312126
745153
599426
1099292
933640
198804
1062816
6011934
4779640
745166
1372516
2710085
743742
5586986
757608
6429230
700872
577891
58804
492329
6573415
339409
434356
5202667
424652
1295424
886695
799476
573468
5413978
414127
4421
60513
410351
13051
82848
193562
162365
349980
170578
165580
395635
329170
317499
183605
64122
388571
406226
314050
186536
406417
51341
63941
89524
219570
217294
159682
163715
44213
121541
280808
347853
109399
59900
415725
47599
240349
416740
237948
309633
346335
315798
203322
234812
70222
351788
70939
234291
344478
283132
154186
350534
322275
219042
197381
190831
108780
29843
161453
219404
400311
40366
516447
520982
217073
334236
228419
317457
357570
172093
441746
495508
203308
551401
219265
556834
327939
43808
135798
457477
339437
457528
357758
427477
512528
173216
391082
326575
314713
167560
162456
321592
230951
12036
552932
78443
456516
340927
425308
497332
101416
310470
494538
334333
500740
532609
42962
108835
497740
75425
393162
319356
118878
280633
530
271599
550016
100300
119979
106951
59449
169857
55810
199308
70123
58649
189059
183737
88679
6525
73738
92548
132840
11232
73509
162542
179578
36639
89638
45492
77728
116111
55462
173365
15276
106022
142000
9061
6542
176845
93281
160678
181500
169859
58199
84060
44546
162612
83561
73902
6383
95929
105287
4535
162610
44217
10786
93195
22665
94170
60796
47523
50987
105898
1385427
6827557
5713253
392816
3752061
744710
6465442
7002731
7651993
7641313
6719190
6929494
987658
1320022
5810948
3500738
306828
1161959
2858303
1073231
1162386
227074
320206
97126
1330448
6979276
4605213
6362825
5652343
6468354
4776270
2858302
369130
475971
7630989
7243205
557026
10040
7026388
7283225
787834
782463
4359565
4254228
7564315
7374365
6952738
6872219
5440328
1147648
6475483
529032
325083
6747919
4482654
2963555
24834
428771
943977
524062
408770
111713
224812
504492
487450
72097
384955
182805
440599
220402
318129
439105
391827
149315
402962
488877
388465
495514
533303
65844
314052
478376
91071
71301
176543
176403
339287
74250
315157
277560
534667
385270
461152
367170
435194
531007
473238
385122
460405
68063
452901
504554
251244
249150
484334
66948
57604
319741
69116
399753
443348
13240
53852
533112
233731
58107
225875
169168
48988
5009
11227
48918
235448
214996
47220
12310
330630
109826
54075
52036
41496
327247
200755
5571
110548
311641
229370
4879
79242
251408
322939
305415
331953
225910
356542
357571
325435
54696
163713
220542
4743
308988
171347
44076
292733
219968
317810
180138
327255
107149
148458
51063
93582
345238
58692
10
16898
216250
4894454
4795548
4270161
475962
326035
1152092
5609388
1164310
6065746
1365693
197340
4458372
4619724
1047339
560921
1365426
485335
5990363
1374622
793660
3057693
5611059
835175
5670774
569792
1219036
851643
1065482
1008995
3057014
83492
1060653
2176256
918755
370648
5494429
234883
69352
67005
4789873
823880
710796
5582645
4304504
441805
891673
5233688
5005133
905505
889622
1390162
743530
902342
233104
1563767
475827
568948
399669
51278
870855
364993
593083
779872
879599
203486
9844
520130
586498
890789
743297
414092
745222
431281
516435
962017
797983
658703
809425
1003504
501980
7201
767003
875236
634718
799691
453575
784025
633023
800975
490664
541310
704723
996011
423669
688053
368589
558164
75447
249596
1001648
633511
714775
652198
219378
122174
521044
658271
218954
730402
152699
787719
960044